1 25 10
2 50 10
3 15 30
4 65 30
5 25 50
6 50 50
7 5 30
8 75 30
9 5 55
10 75 55
11 80 55
12 45 80
13 69 69
14 75 10
15 10 70
16 5 20
17 15 15
18 33 33
19 50 96
20 88 78
21 12 21
22 19 69
23 77 16
24 90 70
25 25 91
26 41 76
27 44 50
28 49 41
29 30 36
30 32 60
31 33 69
32 24 13
33 20 72
34 35 26
35 15 28
36 23 27
37 81 93
38 43 71
39 48 53
40 41 45
41 38 38
42 44 10
43 17 30
44 63 30
45 22 50
46 79 50
47 65 30
48 42 30
49 55 95
50 69 90

Connection Matrix
0	1	1	1	1	0	1	0	0	0	0	0	0	1	0	1	1	0	1	1	0	1	0	0	1	0	1	0	1	1	0	1	0	0	0	0	1	1	0	1	0	1	0	1	1	0	1	0	1	0
1	0	1	1	0	1	0	1	0	0	0	0	0	1	0	0	0	0	1	0	0	1	0	0	1	0	1	0	0	0	1	0	1	0	0	0	1	0	0	1	0	1	0	0	0	0	0	0	1	0
1	1	0	0	1	1	0	0	0	0	0	1	1	1	0	0	1	0	1	1	0	1	1	1	1	1	1	0	0	1	1	0	0	0	0	0	1	1	0	1	1	1	0	0	1	0	1	0	1	1
1	1	0	0	1	1	0	0	0	0	0	1	1	0	0	1	0	0	0	0	0	0	1	1	0	1	0	0	1	0	1	0	0	0	0	0	0	0	0	0	1	0	0	1	0	0	0	0	0	1
1	0	1	1	0	1	0	0	1	0	1	0	1	0	0	1	1	0	1	0	0	1	0	1	0	1	0	0	1	1	1	0	0	1	0	1	1	0	0	1	0	0	0	1	1	0	0	0	1	0
0	1	1	1	1	0	0	0	0	1	1	0	1	0	0	1	1	0	1	1	0	1	0	1	0	1	0	0	1	1	0	0	0	0	1	1	1	1	0	1	0	0	0	1	1	0	1	0	1	0
1	0	0	0	1	0	0	0	1	0	1	1	0	0	0	0	0	0	1	0	0	1	1	0	0	0	0	0	0	0	0	0	0	1	0	1	1	0	0	1	1	0	0	0	0	0	0	0	1	1
0	1	0	0	0	1	0	0	0	1	0	0	0	1	0	0	0	0	1	0	0	0	0	0	1	0	1	0	0	0	1	0	0	0	1	0	1	0	0	0	0	1	0	0	0	0	0	0	0	0
0	0	0	0	1	0	1	0	0	0	1	1	0	1	0	0	0	0	1	0	0	0	1	0	1	0	1	0	0	0	0	1	0	0	0	1	1	0	0	0	1	1	0	0	0	0	0	0	0	1
0	0	0	0	0	1	0	1	0	0	0	1	1	0	1	0	0	0	1	0	0	1	1	1	0	1	0	1	0	0	1	0	1	0	0	0	1	0	0	1	1	0	1	0	0	0	0	0	1	1
0	0	0	1	0	1	0	1	0	0	0	0	1	1	1	0	1	0	1	1	0	1	0	1	1	1	1	1	0	1	1	0	1	0	0	0	1	1	0	1	0	1	1	0	1	0	1	0	1	0
0	0	1	0	0	1	0	1	0	1	1	0	0	1	1	0	1	0	1	1	0	0	0	0	1	0	1	1	0	1	1	0	1	0	1	1	1	1	0	0	0	1	1	0	1	0	1	0	0	0
1	1	0	1	0	1	0	0	0	1	0	1	0	0	1	0	1	1	1	0	1	1	1	0	0	0	0	1	0	0	1	0	0	0	1	0	1	0	1	1	1	0	1	0	1	1	0	1	1	1
1	1	0	1	1	0	1	0	1	0	1	0	1	0	1	0	1	0	1	1	0	0	0	1	0	1	0	1	0	1	0	1	0	1	0	1	1	1	0	0	0	0	1	0	1	0	1	0	0	0
0	0	0	0	1	0	1	0	1	1	1	0	0	1	0	1	1	1	1	1	1	1	0	0	1	0	1	0	1	1	0	1	0	1	1	1	1	1	1	1	0	1	0	1	1	1	1	1	1	0
1	1	1	1	0	1	0	1	0	0	0	1	1	0	1	0	1	1	1	1	1	1	1	1	0	1	0	1	0	1	1	0	1	0	0	0	1	1	1	1	1	0	1	0	1	1	1	1	1	1
0	0	0	0	0	0	1	0	1	1	1	0	1	0	1	1	0	1	1	0	1	0	0	1	0	1	0	1	1	0	0	1	0	1	1	1	1	0	1	0	0	0	1	1	0	1	0	1	0	0
1	1	1	1	0	0	1	0	0	1	0	0	0	1	0	1	0	0	1	0	0	1	0	0	1	0	1	0	1	0	0	1	0	0	1	0	1	0	0	1	0	1	0	1	0	0	0	0	1	0
1	1	1	1	1	1	1	1	1	1	1	1	1	1	1	1	1	1	0	1	1	0	1	1	1	1	1	1	1	1	1	1	1	1	1	1	0	1	1	0	1	1	1	1	1	1	1	1	0	1
1	1	0	1	0	0	0	0	1	0	1	0	0	0	1	1	0	1	1	0	1	1	0	0	0	0	0	1	1	0	0	0	0	1	0	1	1	0	1	1	0	0	1	1	0	1	0	1	1	0
1	1	1	1	0	0	1	0	0	1	0	0	0	1	0	1	0	0	1	0	0	1	0	0	1	0	1	0	1	0	0	1	0	0	1	0	1	0	0	1	0	1	0	1	0	0	0	0	1	0
1	0	1	0	1	0	1	0	1	0	1	1	1	1	1	1	0	1	0	1	1	0	1	1	1	1	1	1	1	0	0	1	0	1	0	1	0	1	1	0	1	1	1	1	0	1	1	1	0	1
1	1	0	1	0	1	0	0	0	1	0	1	0	0	1	0	1	1	1	0	1	1	0	0	1	0	0	1	0	1	1	0	0	0	1	0	1	0	1	1	0	0	1	0	1	1	0	1	1	0
1	1	0	1	1	0	1	0	1	0	1	0	1	0	1	0	1	0	1	1	0	0	0	0	0	1	0	1	0	1	0	1	0	1	0	1	1	1	0	0	0	0	1	0	1	0	1	0	0	0
0	0	0	0	1	0	1	0	1	1	1	0	0	1	0	1	1	1	1	1	1	1	0	1	0	0	1	0	1	1	0	1	0	1	1	1	1	1	1	1	0	1	0	1	1	1	1	1	1	0
0	0	0	0	1	0	1	0	0	0	1	1	0	1	0	0	0	0	1	0	0	0	1	0	1	0	1	0	0	0	0	1	0	0	0	1	1	0	0	0	1	1	0	0	0	0	0	0	0	1
0	0	0	0	0	1	0	1	0	0	0	1	1	0	1	0	0	0	1	0	0	1	1	1	0	1	0	1	0	0	1	0	1	0	0	0	1	0	0	1	1	0	1	0	0	0	0	0	1	1
0	0	0	1	0	0	0	1	0	0	0	0	1	1	1	0	1	0	1	1	0	1	0	1	1	1	1	0	0	1	0	0	1	0	0	0	1	1	0	1	0	1	1	0	1	0	1	0	1	0
0	0	1	0	0	0	0	1	0	1	1	0	0	1	0	0	1	0	1	1	0	0	0	0	1	0	1	1	0	1	0	0	1	0	1	1	1	1	0	0	0	1	0	0	1	0	1	0	0	0
0	1	0	1	0	0	0	0	0	1	0	0	0	0	1	0	1	1	1	0	1	1	1	0	0	0	0	1	0	0	0	0	0	0	1	0	1	0	1	1	1	0	1	0	1	0	0	1	1	1
0	1	0	0	0	1	0	0	0	1	0	0	0	1	0	0	0	0	1	0	0	0	0	0	1	0	1	0	0	0	0	0	0	0	1	0	1	0	0	0	0	1	0	0	0	0	0	0	0	0
0	0	0	0	1	0	1	0	0	0	1	1	0	1	0	0	0	0	1	0	0	0	1	0	1	0	1	0	0	0	0	0	0	0	0	1	1	0	0	0	1	1	0	0	0	0	0	0	0	1
0	0	0	0	0	1	0	1	0	0	0	1	1	0	1	0	0	0	1	0	0	1	1	1	0	1	0	1	0	0	1	0	0	0	0	0	1	0	0	1	1	0	1	0	0	0	0	0	1	1
0	0	0	1	0	1	0	1	0	0	0	0	1	1	1	0	1	0	1	1	0	1	0	1	1	1	1	1	0	1	1	0	1	0	0	0	1	1	0	1	0	1	1	0	1	0	1	0	1	0
0	0	1	0	0	1	0	1	0	1	1	0	0	1	1	0	1	0	1	1	0	0	0	0	1	0	1	1	0	1	1	0	1	0	0	1	1	1	0	0	0	1	1	0	1	0	1	0	0	0
0	0	1	0	0	0	0	1	0	1	1	0	0	1	0	0	1	0	1	1	0	0	0	0	1	0	1	1	0	1	0	0	1	0	1	0	1	1	0	0	0	1	0	0	1	0	1	0	0	0
0	1	0	1	0	0	0	0	0	1	0	0	0	0	1	0	1	1	1	0	1	1	1	0	0	0	0	1	0	0	0	0	0	0	1	0	0	0	1	1	1	0	0	0	1	0	0	1	1	1
0	1	0	0	0	1	0	0	0	1	0	0	0	1	0	0	0	0	1	0	0	0	0	0	1	0	1	0	0	0	1	0	0	0	1	0	1	0	0	0	0	1	0	0	0	0	0	0	0	0
0	0	0	0	1	0	1	0	0	0	1	1	0	1	0	0	0	0	1	0	0	0	1	0	1	0	1	0	0	0	0	1	0	0	0	1	1	0	0	0	1	1	0	0	0	0	0	0	0	1
0	0	0	0	0	1	0	1	0	0	0	1	1	0	1	0	0	0	1	0	0	1	1	1	0	1	0	1	0	0	1	0	1	0	0	0	1	0	0	0	1	0	1	0	0	0	0	0	1	1
0	0	0	0	0	0	1	0	1	1	1	0	1	0	1	1	0	1	1	0	1	0	0	1	0	1	0	1	1	0	0	1	0	1	1	1	1	0	1	0	0	0	1	1	0	1	0	1	0	0
1	1	1	1	0	0	1	0	0	1	0	0	0	1	0	1	0	0	1	0	0	1	0	0	1	0	1	0	1	0	0	1	0	0	1	0	1	0	0	1	0	0	0	1	0	0	0	0	1	0
1	1	1	1	1	1	1	1	1	1	1	1	1	1	1	1	1	1	0	1	1	0	1	1	1	1	1	1	1	1	1	1	1	1	1	1	0	1	1	0	1	1	0	1	1	1	1	1	0	1
1	1	0	1	0	0	0	0	1	0	1	0	0	0	1	1	0	1	1	0	1	1	0	0	0	0	0	1	1	0	0	0	0	1	0	1	1	0	1	1	0	0	1	0	0	1	0	1	1	0
1	1	1	1	0	0	1	0	0	1	0	0	0	1	0	1	0	0	1	0	0	1	0	0	1	0	1	0	1	0	0	1	0	0	1	0	1	0	0	1	0	1	0	1	0	0	0	0	1	0
1	1	0	1	0	1	0	0	0	1	0	1	0	0	1	0	1	1	1	0	1	1	0	0	1	0	0	1	0	1	1	0	0	0	1	0	1	0	1	1	0	0	1	0	1	0	0	1	1	0
0	0	0	0	0	1	0	1	0	0	0	1	1	0	1	0	0	0	1	0	0	1	1	1	0	1	0	1	0	0	1	0	0	0	0	0	1	0	0	1	1	0	1	0	0	0	0	0	1	1
0	0	0	1	0	1	0	1	0	0	0	0	1	1	1	0	1	0	1	1	0	1	0	1	1	1	1	1	0	1	1	0	1	0	0	0	1	1	0	1	0	1	1	0	1	0	1	0	1	0
0	0	1	0	0	1	0	1	0	1	1	0	0	1	1	0	1	0	1	1	0	0	0	0	1	0	1	1	0	1	1	0	1	0	0	1	1	1	0	0	0	1	1	0	1	0	1	0	0	0
0	1	0	1	0	0	0	0	0	1	0	0	0	0	1	0	1	1	1	0	1	1	1	0	0	0	0	1	0	0	0	0	0	0	1	0	0	0	1	1	1	0	0	0	1	0	0	1	1	0
